381
482
249
335
260
434
464
273
54
165
235
133
157
33
152
236
214
224
131
166
57
218
398
9
418
32
352
134
25
42
379
369
162
307
481
106
26
438
79
343
269
153
387
24
314
164
296
346
177
360
16
315
397
410
417
448
65
328
310
284
359
372
392
179
29
345
476
168
353
338
454
7
399
333
406
8
240
160
43
348
140
456
34
186
44
115
382
303
419
404
80
87
171
265
289
147
371
192
267
401
91
357
136
370
471
402
275
416
475
97
149
226
452
176
301
191
334
378
99
252
473
441
461
144
217
81
427
484
351
313
68
100
244
341
4
426
146
3
155
312
340
19
189
422
342
13
150
500
468
264
103
349
320
425
195
256
172
437
308
194
93
2
278
254
200
158
23
271
123
490
22
498
96
460
6
188
380
424
117
78
251
465
40
459
95
405
394
10
428
309
45
199
207
213
121
270
141
60
494
495
109
450
400
332
238
283
94
317
393
253
377
169
77
453
118
355
431
89
261
156
276
82
455
72
440
373
49
223
128
145
318
457
266
64
358
451
161
489
324
336
88
386
496
219
305
493
202
124
47
412
11
385
232
170
409
462
435
184
85
295
50
433
388
92
31
326
28
20
463
492
321
35
477
154
205
18
111
263
211
142
411
247
201
327
216
159
311
478
415
193
299
383
413
280
119
208
51
288
55
268
329
107
187
466
362
243
67
491
237
66
104
15
221
76
439
198
98
148
298
272
227
222
110
241
70
143
290
447
90
17
30
38
389
356
127
325
114
1
242
286
74
182
470
203
58
167
293
21
231
316
423
282
365
234
350
225
279
281
347
59
248
487
258
291
274
46
108
323
442
180
368
474
173
446
408
183
430
436
212
376
83
102
361
479
120
472
48
302
209
62
363
480
257
364
354
132
322
245
122
105
39
259
250
306
485
181
469
230
129
294
429
52
277
228
185
210
196
395
112
414
27
297
420
101
445
163
174
367
233
483
331
84
391
113
137
139
421
467
396
37
407
178
384
285
126
499
73
215
262
204
135
130
432
304
69
12
337
125
71
497
229
488
246
239
220
116
36
14
449
486
138
287
374
63
255
319
292
300
151
339
5
56
458
390
344
197
86
444
330
190
443
366
403
175
53
375
41
75
61
206
